[history/.dummy_history]
version = 6.2.6
modtime = 1443055650.090301000

[savedsearches/butterthepony]
version = 6.2.6
modtime = 1443055706.301902000
