[history/.dummy_history]
version = 6.2.6
modtime = 1442800095.123039000

[ui-prefs/search]
version = 6.2.6
modtime = 1442801802.331856000

[savedsearches/test]
version = 6.2.6
modtime = 1442801817.612958000
